       N       E                     dE             d eps       ncg     rms          rms(c)
DAV:   1     0.284539544035E+03    0.28454E+03   -0.13187E+04 43200   0.127E+03
DAV:   2     0.645157405998E+01   -0.27809E+03   -0.24890E+03 46972   0.322E+02
DAV:   3    -0.497816959388E+02   -0.56233E+02   -0.49736E+02 52936   0.144E+02
DAV:   4    -0.523432280812E+02   -0.25615E+01   -0.24990E+01 51344   0.323E+01
DAV:   5    -0.523975348849E+02   -0.54307E-01   -0.54252E-01 48356   0.464E+00
RMM:   6    -0.523987629822E+02   -0.12281E-02   -0.12281E-02 46235   0.661E-01
RMM:   7    -0.523988962324E+02   -0.13325E-03   -0.14431E-03 59436   0.144E-01
RMM:   8    -0.523988871858E+02    0.90466E-05   -0.25836E-05 36054   0.231E-02
   1 F= -.52398887E+02 E0= -.52398887E+02  d E =-.156280E-16  mag=    -0.0000
