       N       E                     dE             d eps       ncg     rms          rms(c)
DAV:   1     0.218425393049E+03    0.21843E+03   -0.10642E+04 33652   0.867E+02
DAV:   2     0.371094154896E+01   -0.21471E+03   -0.20085E+03 42480   0.176E+02
DAV:   3    -0.262238971868E+02   -0.29935E+02   -0.29663E+02 41668   0.745E+01
DAV:   4    -0.271750687374E+02   -0.95117E+00   -0.94825E+00 41608   0.152E+01
DAV:   5    -0.272076169716E+02   -0.32548E-01   -0.32530E-01 41716   0.291E+00
RMM:   6    -0.272091320483E+02   -0.15151E-02   -0.15151E-02 35856   0.653E-01
RMM:   7    -0.272093096849E+02   -0.17764E-03   -0.17699E-03 53488   0.216E-01
RMM:   8    -0.272093098544E+02   -0.16944E-06   -0.23420E-06 30755   0.609E-03
   1 F= -.27209310E+02 E0= -.27209310E+02  d E =-.305044E-17  mag=     0.0000
