       N       E                     dE             d eps       ncg     rms          rms(c)
DAV:   1     0.651071784547E+03    0.65107E+03   -0.30761E+04 57740   0.175E+03
DAV:   2     0.883504380365E+02   -0.56272E+03   -0.52898E+03 57616   0.451E+02
DAV:   3    -0.185146098771E+02   -0.10687E+03   -0.10173E+03 62940   0.168E+02
DAV:   4    -0.262329731224E+02   -0.77184E+01   -0.76374E+01 67528   0.448E+01
DAV:   5    -0.263826697735E+02   -0.14970E+00   -0.14933E+00 66228   0.600E+00
RMM:   6    -0.263869993548E+02   -0.43296E-02   -0.43296E-02 67678   0.101E+00
RMM:   7    -0.263870920973E+02   -0.92742E-04   -0.29806E-03 87125   0.215E-01
RMM:   8    -0.263870909508E+02    0.11466E-05   -0.99696E-05 56350   0.283E-02
   1 F= -.26387091E+02 E0= -.26387091E+02  d E =-.854148E-16  mag=    -0.0000
