       N       E                     dE             d eps       ncg     rms          rms(c)
DAV:   1     0.101814058397E+02    0.10181E+02   -0.24839E+03 14416   0.455E+02
DAV:   2    -0.841530072534E+01   -0.18597E+02   -0.16900E+02 18368   0.938E+01
DAV:   3    -0.926578790665E+01   -0.85049E+00   -0.83150E+00 18748   0.147E+01
DAV:   4    -0.927315093585E+01   -0.73630E-02   -0.73579E-02 17068   0.171E+00
DAV:   5    -0.927323206706E+01   -0.81131E-04   -0.81128E-04 18768   0.173E-01
RMM:   6    -0.927323319821E+01   -0.11311E-05   -0.11311E-05 10615   0.230E-02
   1 F= -.92732332E+01 E0= -.92732332E+01  d E =-.531394E-13  mag=    -0.0001
